[gd_scene load_steps=8 format=2]

[ext_resource path="res://src/Player.tscn" type="PackedScene" id=1]
[ext_resource path="res://src/Loop.tscn" type="PackedScene" id=2]
[ext_resource path="res://src/Level.gd" type="Script" id=3]
[ext_resource path="res://src/Wall.tscn" type="PackedScene" id=4]

[sub_resource type="PlaneMesh" id=1]

[sub_resource type="SpatialMaterial" id=2]
albedo_color = Color( 0.513726, 0.513726, 0.513726, 1 )

[sub_resource type="Environment" id=3]
background_mode = 1
background_color = Color( 0, 0.694118, 0.854902, 1 )

[node name="Level" type="Spatial"]
script = ExtResource( 3 )

[node name="Player" parent="." instance=ExtResource( 1 )]
transform = Transform( 1, 0, 0, 0, 1, 0, 0, 0, 1, 0, 0.95, 0 )

[node name="Loop" parent="." instance=ExtResource( 2 )]
transform = Transform( 1, 0, 0, 0, 1, 0, 0, 0, 1, 4, 1, -5 )

[node name="Loop2" parent="." instance=ExtResource( 2 )]
transform = Transform( 1, 0, 0, 0, 1, 0, 0, 0, 1, -7, 1, -1 )

[node name="Loop3" parent="." instance=ExtResource( 2 )]
transform = Transform( 1, 0, 0, 0, 1, 0, 0, 0, 1, -2, 1, -7 )

[node name="Walls" type="Spatial" parent="."]
__meta__ = {
"_edit_group_": true,
"_edit_lock_": true
}

[node name="Wall1" parent="Walls" instance=ExtResource( 4 )]
transform = Transform( 10, 0, 0, 0, -1.62921e-06, -5, 0, 10, -8.14603e-07, 0, 5, -10 )

[node name="Wall2" parent="Walls" instance=ExtResource( 4 )]
transform = Transform( -4.37114e-07, 10, -8.14603e-07, 0, -1.62921e-06, -5, -10, -4.37114e-07, 3.56074e-14, -10, 5, 0 )

[node name="Wall3" parent="Walls" instance=ExtResource( 4 )]
transform = Transform( 1.31134e-06, -10, 8.14603e-07, 0, -1.62921e-06, -5, 10, 1.31134e-06, -1.06822e-13, 10, 5, 0 )

[node name="Wall4" parent="Walls" instance=ExtResource( 4 )]
transform = Transform( -10, -8.74228e-07, 7.12149e-14, 0, -1.62921e-06, -5, 8.74228e-07, -10, 8.14603e-07, 0, 5, 10 )

[node name="Floor" type="MeshInstance" parent="."]
transform = Transform( 10, 0, 0, 0, 10, 0, 0, 0, 10, 0, 0, 0 )
mesh = SubResource( 1 )
material/0 = SubResource( 2 )
__meta__ = {
"_edit_group_": true,
"_edit_lock_": true
}

[node name="WorldEnvironment" type="WorldEnvironment" parent="."]
environment = SubResource( 3 )

[node name="Lights" type="Spatial" parent="."]

[node name="SecondaryLight2" type="DirectionalLight" parent="Lights"]
transform = Transform( 0.642788, -0.541675, 0.541675, 0, 0.707107, 0.707107, -0.766044, -0.454519, 0.454519, -5, 5, 5 )
light_energy = 0.25
directional_shadow_mode = 0

[node name="SecondaryLight1" type="DirectionalLight" parent="Lights"]
transform = Transform( 0.642788, 0.541675, -0.541675, 0, 0.707107, 0.707107, 0.766044, -0.454519, 0.454519, 5, 5, 5 )
light_energy = 0.25
directional_shadow_mode = 0

[node name="MainLight" type="DirectionalLight" parent="Lights"]
transform = Transform( 0.984808, 0.122788, -0.122788, 0, 0.707107, 0.707107, 0.173648, -0.696364, 0.696364, 0, 5, 5 )
light_energy = 1.1
shadow_enabled = true
directional_shadow_mode = 1
